-8.03729948366 3.51963873791 -0.01126136263 0.00493149822706
-1.91058208093 2.95794756188 -0.00140983780558 0.00218269936754
-4.19392311216 5.30182404575 -0.00191828329134 0.00242503265048
-4.63476269279 5.36395251762 -0.00136804560605 0.00158328099176
-11.9329663582 11.283689158 -0.00277077381982 0.00262001497124
-6.70916638445 7.24218387145 -0.00144361240781 0.00155830186604
-4.04890200994 7.37006373718 -0.00095021748377 0.00172964507473
-3.99268953978 4.33621283806 -0.00122603406833 0.00133151967214
-4.20919643373 7.0661562409 -0.00187821211305 0.00315303418439
-2.01313226045 3.38234484114 -0.00126268474046 0.00212148764479
-0.330407578905 2.81848998725 -0.000224614044125 0.00191603484538
-0.723512455894 4.92043436903 -0.000422057174236 0.00287030943128
-1.24693535391 4.105343634 -0.000615851329862 0.00202759616095
-0.0812102224648 3.23657719207 -3.83275816723e-05 0.00152751923222
0.595221344682 2.77554825946 0.000306786533394 0.00143056164971
1.54517784821 2.25460330939 0.000922164654705 0.00134555092458
-0.178064529648 3.36278405235 -0.000118027991516 0.00222898209085
0.194631145366 2.82131985198 0.000124283481992 0.00180157936367
-0.111549880053 3.41352216735 -6.25035919405e-05 0.00191266361314
0.214492874793 3.35978174851 0.000107501813334 0.00168389104169
0.0116237830398 2.96417584966 5.6634112891e-06 0.00144422404585
-0.466910302608 4.03553983823 -0.000251449945176 0.00217330023649
1.35291349532 1.99967606866 0.000894506662838 0.00132212707843
0.774088434698 2.07540560925 0.000674479550324 0.00180834460162
1.22553097272 1.52296577281 0.00134276006673 0.00166864621804
1.49516099736 2.21593060191 0.00173040258161 0.00256457467856
1.26995061765 1.59408593331 0.00136387254535 0.00171197998501
1.50416688048 1.72792316201 0.00149355403719 0.00171573157743
0.363772349354 2.33071702005 0.000362572458927 0.00232302923112
1.07276571756 1.34425973289 0.00119707623123 0.00150003057379
0.901919022533 1.19391116887 0.00119040848724 0.00157579777444
1.19195516458 0.996211678494 0.00186036611787 0.00155485584355
0.82518982957 1.40193567721 0.0013917707543 0.00236451420634
0.942881667003 1.39333732198 0.00153452357963 0.00226763235491
0.518470854774 1.38209441038 0.00078547921151 0.00209386201307
1.16435341618 1.29055331349 0.00174581086599 0.00193503275424
1.20259082066 1.09714422018 0.00193571376484 0.00176598484915
0.879932962419 1.14566575414 0.00164023658915 0.00213557505984
0.791513242757 0.997008959822 0.00180548080736 0.00227422668944
0.626448072705 0.99147154104 0.00173419505516 0.00274468885566
0.512234841064 0.89260309137 0.00158030686059 0.00275378923102
0.635610280838 1.00610809992 0.00199627598471 0.00315990709785
0.60329590449 0.90210535397 0.00186544766659 0.00278939458243
0.414376257847 0.910527422069 0.00129843649266 0.00285311238276
0.735296961637 0.963224611235 0.00246150724673 0.00322452625876
0.438077333253 0.773296777989 0.00169263304372 0.00298784616247
0.786898859777 0.988771027613 0.0035268393288 0.00443161977431
0.547961223293 0.910905749796 0.00274543196545 0.00456388090379
0.557492879789 0.692854450127 0.00297591636023 0.0036984811253
0.914553245613 0.789446839069 0.00492046556377 0.00424736996418
