-8.03729948366 3.51963873791
-1.91058208093 2.95794756188
-4.19392311216 5.30182404575
-4.63476269279 5.36395251762
-11.9329663582 11.283689158
-6.70916638445 7.24218387145
-4.04890200994 7.37006373718
-3.99268953978 4.33621283806
-4.20919643373 7.0661562409
-2.01313226045 3.38234484114
-0.330407578905 2.81848998725
-0.723512455894 4.92043436903
-1.24693535391 4.105343634
-0.0812102224648 3.23657719207
0.595221344682 2.77554825946
1.54517784821 2.25460330939
-0.178064529648 3.36278405235
0.194631145366 2.82131985198
-0.111549880053 3.41352216735
0.214492874793 3.35978174851
0.0116237830398 2.96417584966
-0.466910302608 4.03553983823
1.35291349532 1.99967606866
0.774088434698 2.07540560925
1.22553097272 1.52296577281
1.49516099736 2.21593060191
1.26995061765 1.59408593331
1.50416688048 1.72792316201
0.363772349354 2.33071702005
1.07276571756 1.34425973289
0.901919022533 1.19391116887
1.19195516458 0.996211678494
0.82518982957 1.40193567721
0.942881667003 1.39333732198
0.518470854774 1.38209441038
1.16435341618 1.29055331349
1.20259082066 1.09714422018
0.879932962419 1.14566575414
0.791513242757 0.997008959822
0.626448072705 0.99147154104
0.512234841064 0.89260309137
0.635610280838 1.00610809992
0.60329590449 0.90210535397
0.414376257847 0.910527422069
0.735296961637 0.963224611235
0.438077333253 0.773296777989
0.786898859777 0.988771027613
0.547961223293 0.910905749796
0.557492879789 0.692854450127
0.914553245613 0.789446839069
