-8.04375546303 3.52873022 -0.0112704083455 0.0049442366446
-1.91276313784 2.95940283969 -0.00141144722949 0.00218377323173
-4.19677088204 5.30660087524 -0.00191958584964 0.00242721755277
-4.63868204879 5.36831866458 -0.00136920248465 0.0015845697499
-11.9488588603 11.3144660244 -0.00277446397759 0.00262716120238
-6.7123712839 7.24268013533 -0.00144430200654 0.00155840864722
-4.05646934113 7.381170299 -0.000951993424602 0.00173225162071
-3.99920721503 4.34441281657 -0.00122803544905 0.00133403763727
-4.21740757738 7.07567320745 -0.00188187605929 0.00315728081011
-2.02495154534 3.39008195422 -0.00127009807885 0.00212634054731
-0.335575495758 2.82322597592 -0.000228127240486 0.00191925441308
-0.732958940454 4.9324579909 -0.000427567731169 0.00287732334767
-1.25311713163 4.10989133516 -0.000618904460094 0.00202984223393
-0.0871604626508 3.24124231788 -4.11358280947e-05 0.00152972096231
0.591577042259 2.77751309654 0.000304908202053 0.00143157435794
1.54008469678 2.25695320914 0.000919125053642 0.00134695334858
-0.185286446992 3.3701705212 -0.000122814954988 0.00223387812536
0.188342966587 2.82598727831 0.000120268108437 0.00180455979105
-0.118484779189 3.41885411873 -6.63893523335e-05 0.00191565121038
0.207812591021 3.36351859902 0.00010415371788 0.00168576391605
0.00474473427506 2.96908969083 2.31175870757e-06 0.00144661819786
-0.475272265588 4.04646083035 -0.000255953197987 0.00217918162924
1.34776615311 2.00259286003 0.000891103391366 0.0013240555752
0.769296426083 2.07776472328 0.000670304172329 0.00181040014735
1.22009406413 1.52495534084 0.00133680308653 0.00167082609971
1.48623048169 2.22392442605 0.0017200669807 0.00257382621332
1.26063464321 1.60463686202 0.00135386758799 0.00172331123034
1.49712990001 1.73515350525 0.00148656670704 0.00172291090606
0.359169999378 2.33506048142 0.000357985289643 0.00232735836574
1.06963053723 1.34438443645 0.00119357775082 0.00150016972781
0.898268887713 1.1937931063 0.00118559081363 0.00157564194816
1.18848195791 0.996280613412 0.00185494524617 0.001554963435
0.820992248675 1.40383944599 0.00138469108594 0.00236772511566
0.939089886021 1.39392053605 0.00152835252176 0.0022685815257
0.513789836681 1.38356689015 0.000778387506419 0.00209609280819
1.16074906241 1.2909974107 0.00174040656185 0.00193569862573
1.19913594485 1.09757622642 0.00193015272899 0.00176668021488
0.87583253313 1.14589594489 0.00163259319535 0.00213600414626
0.787066790518 0.997578033878 0.00179533823015 0.00227552477547
0.621559123594 0.991436831715 0.00172066098626 0.0027445927699
0.507071903933 0.892401622962 0.00156437857084 0.00275316767645
0.629470085531 1.00694182558 0.00197699133057 0.00316252559941
0.592970889251 0.902300932477 0.00183352174858 0.00278999932956
0.409604569566 0.910210922884 0.00128348453999 0.00285212064136
0.728340705827 0.96523314915 0.00243822022804 0.00323125011441
0.431326868755 0.773264804552 0.0016665507555 0.00298772262425
0.779824925464 0.988269499514 0.00349513432703 0.00442937195173
0.539481251616 0.910525277469 0.00270294504427 0.00456197463589
0.550127191258 0.693788450442 0.00293659805896 0.00370346685143
0.904434598923 0.790340242402 0.00486602537362 0.0042521766393
