-7.176986165382312 1.964959363355496 -0.010055945278995358 0.0027531784760379085
-2.8601870268456424 1.9381347532501019 -0.00211056088180377 0.0014301692006432642
-2.5883370668933066 2.318234930308859 -0.001183894796110857 0.0010603511827187405
-5.813708582397597 4.560169608237815 -0.0017160357516033614 0.0013460279217992644
-7.194295849967572 5.506225071032815 -0.0016704787388724456 0.001278517328787389
-6.457588042624138 6.718531559440485 -0.0013894802556216844 0.0014456275140184063
-3.3014101001848455 5.9957829053625025 -0.000774792175901769 0.0014071216669568993
-1.8359722680791795 2.2479121108623956 -0.0005637714945619223 0.0006902657477014153
-2.4561814600682887 2.2418397420003533 -0.0010959882349928863 0.0010003454638500375
-1.1891787735615253 1.5580823814819014 -0.0007458813911790352 0.0009772665642111195
-3.0751018280994837 3.437228550186391 -0.002090481882990038 0.0023366588859600862
-1.4562675606905335 2.3049216847710774 -0.0008495059989492012 0.0013445639051333832
-1.589749105547662 2.7054176643463883 -0.0007851642811526847 0.0013361839979853486
-2.3535386739538806 4.298433335994485 -0.0011107646673924518 0.002028667694142213
-3.610281987692535 4.0563556653955555 -0.0018607966691312951 0.0020907101264419927
-1.1770869337489103 2.4699149331964776 -0.000702487397859754 0.0014740492521058434
-0.7389800018634257 1.573050984872639 -0.0004898242539528578 0.0010426784529379615
-0.9529105551864253 3.0783919553988803 -0.0006084896721072408 0.001965735085379309
-0.9073069184594942 2.6089518503165166 -0.0005083819128192626 0.0014618470388931333
-1.2503200399862104 3.629674747957105 -0.0006266486552339519 0.0018191588769296528
-1.196903202739903 3.1096493348041783 -0.0005831625630952133 0.0015151025348252856
-0.9010032121393351 2.844023715471202 -0.0004852264065073885 0.001531620963041
-0.030453692602244096 2.0990703044951355 -2.013508700658462e-05 0.0013878436275682764
0.14290198662531567 1.7856960483627886 0.00012451350951523142 0.0015559145618605573
-0.08898965784605556 1.8800479281875835 -9.750203101148453e-05 0.0020598853376235125
0.14473504318936345 1.366762406300616 0.0001675069727115735 0.001581802361407847
0.21004300104069293 1.5347740265159913 0.0002255771826726288 0.0016482815386623163
0.10283681184195832 1.2564163718095858 0.00010211123346176836 0.0012475515641636355
0.07215726606611574 1.8520074668999162 7.191925783678606e-05 0.0018458986847642643
-0.27789187753804373 1.067080138125928 -0.0003100935796226241 0.001190731815219656
0.2710562927984711 1.102366845413682 0.000357756853336523 0.0014549719165934548
0.40990885605092064 1.0931162902779847 0.0006397728453815613 0.0017061015126670189
0.33932173697728557 1.0602977436108763 0.000572302339291845 0.0017883053541453186
-0.05124131953031868 1.0786360506030792 -8.339435988862787e-05 0.0017554614872791897
0.4882119347520302 1.651764755480185 0.0007396371889136716 0.002502410435972985
-0.2094413389704414 1.1108788866370443 -0.0003140326298529754 0.001665632104596171
0.03385082499374903 1.1706134589532644 5.448695164308181e-05 0.0018842423764415075
0.5114759240295144 1.168060621774681 0.000953415272403521 0.0021773201505157678
0.6144792722787182 0.903007739010475 0.00140165757524638 0.002059805261122027
-0.2887793105852438 0.8800138641888069 -0.0007994272378973228 0.002436140772460712
0.08675240167508301 0.7997804846596455 0.00026764172318889196 0.002467420186116131
0.24895648142788787 0.8295513231514489 0.0007819034085741248 0.0026053911247423114
0.08171192670846873 0.7302679364188639 0.0002526609610252846 0.00225805712891627
0.2808163481322595 0.9476434271555612 0.0008799302258427045 0.0029694143536209442
0.4195356677190659 0.8816246845166646 0.0014044530852583767 0.0029513593324287032
0.3194888317773556 0.7954846810877775 0.0012344335411053461 0.003073575268053678
0.23445075298776602 0.8268996901134346 0.0010507959517686517 0.0037061209478618743
0.3361761039607037 0.6940140485813322 0.001684331997596896 0.003477195597888021
0.34765101864897474 0.7877750329626396 0.001855773215325673 0.004205170494122691
0.43071629036707765 0.7677970991721851 0.0023173332823100334 0.004130890360465457
