-7.18157843235 1.96614332896 -0.010062379677 0.00275483737478
-2.86468637383 1.94221017484 -0.00211388099537 0.00143317649538
-2.5903588805 2.32137867359 -0.00118481956539 0.00106178911805
-5.8198069245 4.5668031506 -0.0017178358028 0.00134798594837
-7.19954453864 5.50946130683 -0.00167169745757 0.0012792687662
-6.46340423915 6.72725418692 -0.00139073172756 0.00144750436317
-3.30566918418 5.99816340984 -0.000775791719991 0.00140768033619
-1.837698171 2.24897318422 -0.000564301467092 0.000690591571203
-2.45857280493 2.24257887369 -0.00109705529208 0.00100067527647
-1.19407392849 1.56167872272 -0.00074895174952 0.000979522275519
-3.08171569816 3.44168462286 -0.00209497805135 0.00233968816425
-1.46333644372 2.31261870001 -0.000853629594573 0.00134905391837
-1.59545519614 2.70760667718 -0.000787982473348 0.00133726513379
-2.36171597746 4.30789292197 -0.00111462398779 0.00203313219434
-3.62857736734 4.07878868595 -0.00187022639834 0.00210227246148
-1.18721029476 2.47583381074 -0.000708529036187 0.00147758164785
-0.744080383781 1.5774253061 -0.000493204982472 0.00104557792062
-0.959305265534 3.08224283697 -0.000612573072361 0.00196819410071
-0.913655916721 2.61387939504 -0.000511939381428 0.00146460803913
-1.26062033142 3.63619548957 -0.00063181106451 0.00182242701135
-1.20288389082 3.11452571669 -0.000586076510842 0.00151747843569
-0.908173910099 2.84892929472 -0.000489088115274 0.00153426281443
-0.0386140502637 2.10357063893 -2.55304757913e-05 0.0013908191165
0.135555077752 1.78881019978 0.000118111993137 0.00155862798756
-0.0930409066028 1.88103294376 -0.000101940805038 0.0020609645756
0.13862703009 1.3688767341 0.000160437953619 0.00158424934758
0.205555232912 1.53744980743 0.000220757512006 0.00165115521271
0.0988933264593 1.25680951487 9.81955718485e-05 0.00124794193336
0.0651592994367 1.85636937748 6.49443737566e-05 0.00185024620774
-0.281760963893 1.06752589997 -0.000314411010014 0.00119122923129
0.266218926276 1.10265817139 0.000351372197929 0.00145535642662
0.405588969805 1.09301327072 0.000633030502847 0.00170594072298
0.335249177368 1.06068229323 0.000565433532678 0.00178895393814
-0.0546768359814 1.07876242362 -8.89856033998e-05 0.00175566715717
0.483585356517 1.65355690773 0.000732627959773 0.00250512553235
-0.216074369051 1.11467308397 -0.00032397807754 0.0016713210568
0.0292570169266 1.17022039496 4.70926681046e-05 0.00188360969292
0.506646674953 1.1682470522 0.000944413324106 0.00217766766563
0.609253785917 0.902641190922 0.00138973798272 0.00205896914682
-0.295952672438 0.879617316509 -0.00081928524241 0.00243504301024
0.0809917802806 0.798813402045 0.000249869504704 0.00246443661849
0.24311764458 0.829986165429 0.000763565237955 0.00260675684399
0.0742026113551 0.730180173165 0.000229441451827 0.00225778575668
0.274847292725 0.94762034218 0.000861226356542 0.00296934201749
0.41148727024 0.880921685023 0.00137750997281 0.00294900594538
0.311194027253 0.795695978327 0.00120238426769 0.00307439167343
0.226039234722 0.827948623574 0.00101309596902 0.0037108222125
0.32684978194 0.69381475415 0.00163760463532 0.0034761970796
0.338166105664 0.787080332417 0.0018051424203 0.00420146215848
0.391640499097 0.778775733834 0.0021070983001 0.00418995744491
