-7.17698616538 1.96495936336 -0.010055945279 0.00275317847604
-2.86018702685 1.93813475325 -0.0021105608818 0.00143016920064
-2.58833706689 2.31823493031 -0.00118389479611 0.00106035118272
-5.8137085824 4.56016960824 -0.0017160357516 0.0013460279218
-7.19429584997 5.50622507103 -0.00167047873887 0.00127851732879
-6.45758804262 6.71853155944 -0.00138948025562 0.00144562751402
-3.30141010018 5.99578290536 -0.000774792175902 0.00140712166696
-1.83597226808 2.24791211086 -0.000563771494562 0.000690265747701
-2.45618146007 2.241839742 -0.00109598823499 0.00100034546385
-1.18917877356 1.55808238148 -0.000745881391179 0.000977266564211
-3.0751018281 3.43722855019 -0.00209048188299 0.00233665888596
-1.45626756069 2.30492168477 -0.000849505998949 0.00134456390513
-1.58974910555 2.70541766435 -0.000785164281153 0.00133618399799
-2.35353867395 4.29843333599 -0.00111076466739 0.00202866769414
-3.61028198769 4.0563556654 -0.00186079666913 0.00209071012644
-1.17708693375 2.4699149332 -0.00070248739786 0.00147404925211
-0.738980001863 1.57305098487 -0.000489824253953 0.00104267845294
-0.952910555186 3.0783919554 -0.000608489672107 0.00196573508538
-0.907306918459 2.60895185032 -0.000508381912819 0.00146184703889
-1.25032003999 3.62967474796 -0.000626648655234 0.00181915887693
-1.19690320274 3.1096493348 -0.000583162563095 0.00151510253483
-0.901003212139 2.84402371547 -0.000485226406507 0.00153162096304
-0.0304536926023 2.0990703045 -2.01350870066e-05 0.00138784362757
0.142901986625 1.78569604836 0.000124513509515 0.00155591456186
-0.0889896578461 1.88004792819 -9.75020310115e-05 0.00205988533762
0.144735043189 1.3667624063 0.000167506972712 0.00158180236141
0.210043001041 1.53477402652 0.000225577182673 0.00164828153866
0.102836811842 1.25641637181 0.000102111233462 0.00124755156416
0.0721572660662 1.8520074669 7.19192578368e-05 0.00184589868476
-0.277891877538 1.06708013813 -0.000310093579623 0.00119073181522
0.271056292798 1.10236684541 0.000357756853337 0.00145497191659
0.409908856051 1.09311629028 0.000639772845382 0.00170610151267
0.339321736977 1.06029774361 0.000572302339292 0.00178830535415
-0.0512413195303 1.0786360506 -8.33943598886e-05 0.00175546148728
0.488211934752 1.65176475548 0.000739637188914 0.00250241043597
-0.20944133897 1.11087888664 -0.000314032629853 0.0016656321046
0.0338508249937 1.17061345895 5.44869516431e-05 0.00188424237644
0.51147592403 1.16806062177 0.000953415272404 0.00217732015052
0.614479272279 0.90300773901 0.00140165757525 0.00205980526112
-0.288779310585 0.880013864189 -0.000799427237897 0.00243614077246
0.0867524016751 0.79978048466 0.000267641723189 0.00246742018612
0.248956481428 0.829551323151 0.000781903408574 0.00260539112474
0.0817119267085 0.730267936419 0.000252660961025 0.00225805712892
0.280816348132 0.947643427156 0.000879930225843 0.00296941435362
0.419535667719 0.881624684517 0.00140445308526 0.00295135933243
0.319488831777 0.795484681088 0.00123443354111 0.00307357526805
0.234450752988 0.826899690113 0.00105079595177 0.00370612094786
0.336176103961 0.694014048581 0.0016843319976 0.00347719559789
0.347651018649 0.787775032963 0.00185577321533 0.00420517049412
0.430716290367 0.767797099172 0.00231733328231 0.00413089036047
