-5.87978548214 2.95331099748 -0.0353799796652 0.0177707304719
4.02000989019 6.08833389254 0.0130278285652 0.0197307400644
2.50944140009 3.15151323387 0.00542538828315 0.00681354144099
-3.13117892926 2.76275686048 -0.00471699326281 0.00416198045276
2.22036966115 3.95300168494 0.00246818106296 0.00439418898183
-1.01121531247 3.05858740959 -0.00103283096767 0.00312396752205
-2.00900947717 3.35264039899 -0.00231500307976 0.00386328334296
-0.776131103797 2.53108891698 -0.00110348929491 0.00359865686442
-0.227356414414 2.03754667977 -0.000469836183499 0.00421062743356
-0.131160980025 1.98003965294 -0.000372793504149 0.00562778594998
0.283803713187 1.98146348801 0.000885357851922 0.00618139994613
0.16004838648 2.2852862847 0.000441543910787 0.00630468238766
-0.955299753153 2.83626960032 -0.00221260710491 0.00656919490286
-0.27939590317 4.13107101431 -0.000608664200905 0.00899954154402
0.370317971874 2.7152993321 0.000890603115609 0.00653020978902
0.476372374094 2.34699193356 0.00133941029571 0.00659900810943
0.939947375008 2.06610521256 0.00295594406569 0.00649748231075
1.30835457865 2.22624810792 0.00402888565279 0.0068554038851
-0.483941981884 2.67961479656 -0.00129055844498 0.00714589689352
-0.11084131187 2.9840237011 -0.000257955292909 0.00694456511637
-0.312185758157 2.39799086748 -0.000706138462142 0.00542405775775
-1.05469616005 3.04638486549 -0.00269502526414 0.00778431219129
0.384530020238 2.23224556221 0.00120559238893 0.0069986168007
-0.0355187820829 1.81996458329 -0.000145997711164 0.00748084951053
0.61092541099 1.68815669063 0.00308230126436 0.00851725498458
0.460367580816 2.15309613413 0.00243239490409 0.0113760835534
0.554535953542 1.54815694938 0.00270398085792 0.00754899070013
0.35864534889 2.7264854409 0.00168355008867 0.0127986458489
1.02823671782 1.62101907249 0.00486853115683 0.00767525777228
0.54047517902 1.81346192735 0.00284769112812 0.00955488733277
0.528142488403 1.72715031816 0.00319872996658 0.010460600313
1.06073465021 1.12519649997 0.00768860175436 0.00815584536807
0.0874799993301 1.9240067583 0.000682448051308 0.0150095413004
1.23480701454 1.64674045181 0.0093977234217 0.0125328177854
0.886556111635 1.50016036379 0.00629690493771 0.0106551261428
0.606515881762 1.88397581862 0.00428270407336 0.0133030496895
1.16859394485 1.91299482531 0.00878664162366 0.014383781494
1.71305268668 1.82857262062 0.0150158060614 0.0160283989242
1.49685317209 1.53982127815 0.0156387811217 0.0160877021103
1.27146275109 1.27184101632 0.0161850765689 0.0161898916936
1.09646814593 1.85363862675 0.0157197230612 0.0265750409404
1.56273582212 1.94456457174 0.0220931885139 0.0274912951074
1.76199008892 1.57219525258 0.0248942023537 0.0222126940459
1.57376743868 1.36841696835 0.0227846632125 0.0198116436976
1.25681112531 1.15222323187 0.0196917393706 0.0180530543705
1.30300133609 1.17231818186 0.0230942548428 0.0207780407425
1.82928880378 0.838778109932 0.0372264656338 0.0170693355906
1.56061418544 0.904194299047 0.0356994187921 0.0206836585571
2.3379275155 0.86819001736 0.057296303441 0.0212769978322
1.60563164626 0.871962306644 0.0389450838252 0.0211497108965
