4.931497370625080867e-01
2.182699322598627700e-01
2.425032581637897033e-01
1.583280958961053864e-01
2.620014806092486048e-01
1.558301863632201023e-01
1.729645014183259499e-01
1.331519607080131895e-01
3.153034051820355343e-01
2.121487462202055474e-01
1.916034717611755089e-01
2.870309177580082638e-01
2.027596087287159010e-01
1.527519161860908248e-01
1.430561615681428533e-01
1.345550873439798345e-01
2.228981900137492755e-01
1.801579249986292319e-01
1.912663507946190111e-01
1.683890979931128296e-01
1.444223968114627943e-01
2.173300034469282105e-01
1.322127003496198216e-01
1.808344505117461809e-01
1.668646098450889126e-01
2.564574148060341785e-01
1.711979403470048622e-01
1.715731215533616294e-01
2.323029007446525407e-01
1.500030565905133839e-01
1.575797784270268342e-01
1.554855835612521109e-01
2.364513959543196042e-01
2.267632283351563305e-01
2.093861855602788813e-01
1.935032707293484755e-01
1.765984797546399365e-01
2.135575023894252800e-01
2.274226561339533770e-01
2.744688866441489794e-01
2.753789309168129806e-01
3.159906760166648620e-01
2.789394394071157968e-01
2.853112512329068484e-01
3.224525330203432683e-01
2.987846178842034073e-01
4.431620163008243574e-01
4.563881267359175542e-01
3.698480070775401751e-01
4.247368940279556693e-01
